2
28
33
67
79
82
127
128
141
151
164
168
183
186
187
191
194
202
206
223
236
239
255
266
285
286
291
300
306
349
376
382
387
389
391
416
418
440
447
451
454
482
488
495
497
499
513
530
532
533
555
563
564
577
589
594
596
617
621
635
647
649
655
664
666
676
681
682
686
724
731
733
761
788
801
816
829
858
861
889
906
911
917
922
966
975
976
995
996
1002
1008
1010
1033
1040
1047
1067
1068
1074
1090
1106
1107
1112
1120
1121
1123
1128
1131
1146
1163
1179
1190
1197
1205
1206
1210
1224
1235
1238
1254
1256
1257
1269
1283
1293
1314
1316
1349
1358
1374
1396
1397
1405
1406
1438
1440
1447
1450
1453
1460
1479
1500
1501
1504
1553
1557
1558
1611
1613
1630
1633
1640
1643
1650
1651
1654
1665
1668
1674
1688
1695
1696
1701
1704
1705
1721
1726
1731
1735
1736
1745
1747
1778
1782
1788
1798
1801
1829
1832
1839
1845
1846
1853
1865
1869
1875
1881
1883
1884
1886
1887
1894
1896
1897
1916
1951
1979
1983
1985
1987
1988
